0000000010
0000000020
0000000030
0000000040
0000000050
0000000060
0000000070
0000000080
0000000090
0000000100
0000000010
0000000020
0000000030
0000000040
0000000050
0000000060
0000000070
0000000080
0000000090
0000000200
0000000010
0000000020
0000000030
0000000040
0000000050
0000000060
0000000070
0000000080
0000000090
0000000300
0000000010
0000000020
0000000030
0000000040
0000000050
0000000060
0000000070
0000000080
0000000090
0000000400
0000000010
0000000020
0000000030
0000000040
0000000050
0000000060
0000000070
0000000080
0000000090
0000000500
0000000010
0000000020
0000000030
0000000040
0000000050
0000000060
0000000070
0000000080
0000000090
0000000600
0000000010
0000000020
0000000030
0000000040
0000000050
0000000060
0000000070
0000000080
12