10111100 01000101 00010111 00011010 10010000 10000011 10011011 10000110 
00011010 01001001 10100001 01101111 11100011 01100000 11111011 00001000 
10011010 00110011 00101001 11111001 11100100 10010100 10001010 00011100 
10100110 11001011 01111000 11110001 00100110 10010000 01100101 00011001 
00010101 11010101 01110001 00101100 10011101 00010111 01011011 01011110 
00000110 01100010 00101011 11101111 11100010 00000100 01001100 00001111 
10001101 10000100 01111101 10010101 11101011 00000110 01011000 11010000 
00000100 00100100 11011110 10100000 10111000 00001111 10100010 01001010 
01110100 01111101 00111011 11101001 01010111 01000110 01110110 11011011 

