[color=#FFA500][b]Tightened Security has passed. Border lockdown underway[/b][/color]




[color=#D97A0D][b]______________________________________________________________________________________________________________[/b][/color]


[color=#22D90D][b]
01010100 01101001 01100111 01101000 01110100 01100101 01101110 01100101 01100100 00100000 01010011 01100101 01100011 01110101 01110010 01101001 01110100 01111001 00100000 01101000 01100001 01110011 00100000 01110000 01100001 01110011 01110011 01100101 01100100 00101110 00100000 01000010 01101111 01110010 01100100 01100101 01110010 00100000 01101100 01101111 01100011 01101011 01100100 01101111 01110111 01101110 00100000 01110101 01101110 01100100 01100101 01110010 01110111 01100001 01111001 
 [/b][/color]